time	V(in)	V(out)	V(out)*(Id(M1)+Id(M2))
0.000000000000000e+000	0.000000e+000	1.800000e+000	1.092990e-011
2.995931343840702e-004	2.995931e-002	1.799795e+000	4.054785e-008
5.991862687681405e-004	5.991863e-002	1.798762e+000	1.615717e-007
8.987794031522108e-004	8.987794e-002	1.796899e+000	3.627765e-007
1.198372537536281e-003	1.198373e-001	1.794208e+000	6.436331e-007
1.497965671920351e-003	1.497966e-001	1.790687e+000	1.003390e-006
1.797558806304422e-003	1.797559e-001	1.786338e+000	1.441073e-006
2.097151940688491e-003	2.097152e-001	1.781159e+000	1.955485e-006
4.194303881376982e-003	4.194304e-001	1.723175e+000	6.628812e-006
5.805696118623019e-003	5.805696e-001	1.643806e+000	1.131609e-005
6.777215525507927e-003	6.777216e-001	1.557267e+000	1.448250e-005
8.056961186230184e-003	8.056961e-001	1.426108e+000	1.892589e-005
1.000000000000000e-002	1.000000e+000	1.283939e+000	2.595960e-005
1.019430388137698e-002	1.000000e+000	1.284681e+000	2.580239e-005
1.058291164413095e-002	1.000000e+000	1.285074e+000	2.571908e-005
2.518558039995177e-002	1.000000e+000	1.285114e+000	2.571083e-005
3.978824915577259e-002	1.000000e+000	1.285144e+000	2.570457e-005
5.439091791159342e-002	1.000000e+000	1.285165e+000	2.570030e-005
6.899358666741425e-002	1.000000e+000	1.285176e+000	2.569801e-005
8.359625542323507e-002	1.000000e+000	1.285177e+000	2.569770e-005
9.819892417905589e-002	1.000000e+000	1.285169e+000	2.569937e-005
1.128015929348767e-001	1.000000e+000	1.285151e+000	2.570303e-005
1.010000000000000e+000	1.000000e+000	1.285151e+000	2.570303e-005
1.011000000000000e+000	9.000000e-001	1.341044e+000	2.204119e-005
1.013000000000000e+000	7.000000e-001	1.515346e+000	1.579192e-005
1.016000000000000e+000	4.000000e-001	1.698996e+000	7.474513e-006
1.020000000000000e+000	0.000000e+000	1.800027e+000	-1.749449e-009
1.020400000000000e+000	0.000000e+000	1.800077e+000	-4.993195e-009
1.022800000000000e+000	0.000000e+000	1.800000e+000	1.157244e-011
2.000000000000000e+000	0.000000e+000	1.800000e+000	1.299600e-011
2.000953125000000e+000	9.531250e-002	1.794147e+000	6.508103e-007
2.002859375000000e+000	2.859375e-001	1.753725e+000	3.976990e-006
2.006187500000000e+000	6.187500e-001	1.585263e+000	1.415129e-005
2.010000000000000e+000	1.000000e+000	1.285103e+000	2.571303e-005
2.011143750000000e+000	1.000000e+000	1.285074e+000	2.571909e-005
2.028362499999999e+000	1.000000e+000	1.285112e+000	2.571118e-005
2.045581249999999e+000	1.000000e+000	1.285141e+000	2.570515e-005
2.062799999999999e+000	1.000000e+000	1.285161e+000	2.570098e-005
2.080018749999999e+000	1.000000e+000	1.285172e+000	2.569869e-005
2.097237499999999e+000	1.000000e+000	1.285174e+000	2.569826e-005
2.114456249999999e+000	1.000000e+000	1.285167e+000	2.569971e-005
2.131674999999998e+000	1.000000e+000	1.285151e+000	2.570303e-005
3.010000000000000e+000	1.000000e+000	1.285151e+000	2.570303e-005
3.011000000000000e+000	9.000000e-001	1.341044e+000	2.204119e-005
3.013000000000000e+000	7.000000e-001	1.515346e+000	1.579192e-005
3.016000000000000e+000	4.000000e-001	1.698996e+000	7.474513e-006
3.020000000000000e+000	0.000000e+000	1.800027e+000	-1.749449e-009
3.020400000000000e+000	0.000000e+000	1.800077e+000	-4.993195e-009
3.022800000000000e+000	0.000000e+000	1.800000e+000	1.157244e-011
4.000000000000000e+000	0.000000e+000	1.800000e+000	1.299600e-011
4.000953125000000e+000	9.531250e-002	1.794147e+000	6.508103e-007
4.002859375000000e+000	2.859375e-001	1.753725e+000	3.976990e-006
4.006187499999999e+000	6.187500e-001	1.585263e+000	1.415129e-005
4.010000000000000e+000	1.000000e+000	1.285103e+000	2.571303e-005
4.011143750000001e+000	1.000000e+000	1.285074e+000	2.571909e-005
4.028362500000001e+000	1.000000e+000	1.285112e+000	2.571118e-005
4.045581250000002e+000	1.000000e+000	1.285141e+000	2.570515e-005
4.062800000000002e+000	1.000000e+000	1.285161e+000	2.570098e-005
4.080018750000002e+000	1.000000e+000	1.285172e+000	2.569869e-005
4.097237500000002e+000	1.000000e+000	1.285174e+000	2.569826e-005
4.114456250000003e+000	1.000000e+000	1.285167e+000	2.569971e-005
4.131675000000003e+000	1.000000e+000	1.285151e+000	2.570303e-005
5.010000000000000e+000	1.000000e+000	1.285151e+000	2.570303e-005
5.011000000000000e+000	9.000000e-001	1.341044e+000	2.204119e-005
5.013000000000000e+000	7.000000e-001	1.515346e+000	1.579192e-005
5.016000000000000e+000	4.000000e-001	1.698996e+000	7.474513e-006
5.020000000000000e+000	4.352074e-014	1.800027e+000	-1.749449e-009
5.020400000000000e+000	0.000000e+000	1.800077e+000	-4.993195e-009
5.022799999999999e+000	0.000000e+000	1.800000e+000	1.157244e-011
6.000000000000000e+000	0.000000e+000	1.800000e+000	1.299600e-011
6.000953125000000e+000	9.531250e-002	1.794147e+000	6.508103e-007
6.002859375000000e+000	2.859375e-001	1.753725e+000	3.976990e-006
6.006187499999999e+000	6.187500e-001	1.585263e+000	1.415129e-005
6.010000000000000e+000	1.000000e+000	1.285103e+000	2.571303e-005
6.011143750000001e+000	1.000000e+000	1.285074e+000	2.571909e-005
6.028362500000001e+000	1.000000e+000	1.285112e+000	2.571118e-005
6.045581250000002e+000	1.000000e+000	1.285141e+000	2.570515e-005
6.062800000000002e+000	1.000000e+000	1.285161e+000	2.570098e-005
6.080018750000002e+000	1.000000e+000	1.285172e+000	2.569869e-005
6.097237500000002e+000	1.000000e+000	1.285174e+000	2.569826e-005
6.114456250000003e+000	1.000000e+000	1.285167e+000	2.569971e-005
6.131675000000003e+000	1.000000e+000	1.285151e+000	2.570303e-005
7.010000000000000e+000	1.000000e+000	1.285151e+000	2.570303e-005
7.011000000000000e+000	9.000000e-001	1.341044e+000	2.204119e-005
7.013000000000000e+000	7.000000e-001	1.515346e+000	1.579192e-005
7.016000000000000e+000	4.000000e-001	1.698996e+000	7.474513e-006
7.020000000000000e+000	4.352074e-014	1.800027e+000	-1.749449e-009
7.020400000000000e+000	0.000000e+000	1.800077e+000	-4.993195e-009
7.022799999999999e+000	0.000000e+000	1.800000e+000	1.157244e-011
8.000000000000000e+000	0.000000e+000	1.800000e+000	1.299600e-011
8.000953125000001e+000	9.531250e-002	1.794147e+000	6.508103e-007
8.002859375000000e+000	2.859375e-001	1.753725e+000	3.976990e-006
8.006187499999999e+000	6.187500e-001	1.585263e+000	1.415129e-005
8.010000000000000e+000	1.000000e+000	1.285103e+000	2.571303e-005
8.011143750000001e+000	1.000000e+000	1.285074e+000	2.571909e-005
8.028362500000000e+000	1.000000e+000	1.285112e+000	2.571118e-005
8.045581250000002e+000	1.000000e+000	1.285141e+000	2.570515e-005
8.062800000000001e+000	1.000000e+000	1.285161e+000	2.570098e-005
8.080018750000003e+000	1.000000e+000	1.285172e+000	2.569869e-005
8.097237500000002e+000	1.000000e+000	1.285174e+000	2.569826e-005
8.114456250000004e+000	1.000000e+000	1.285167e+000	2.569971e-005
8.131675000000003e+000	1.000000e+000	1.285151e+000	2.570303e-005
9.010000000000000e+000	1.000000e+000	1.285151e+000	2.570303e-005
9.010999999999999e+000	9.000000e-001	1.341044e+000	2.204119e-005
9.013000000000000e+000	7.000000e-001	1.515346e+000	1.579192e-005
9.016000000000000e+000	4.000000e-001	1.698996e+000	7.474513e-006
9.020000000000000e+000	4.352074e-014	1.800027e+000	-1.749449e-009
9.020399999999999e+000	0.000000e+000	1.800077e+000	-4.993195e-009
9.022799999999998e+000	0.000000e+000	1.800000e+000	1.157244e-011
1.000000000000000e+001	0.000000e+000	1.800000e+000	1.299600e-011
1.000095312500000e+001	9.531250e-002	1.794147e+000	6.508103e-007
1.000285937500000e+001	2.859375e-001	1.753725e+000	3.976990e-006
1.000618750000000e+001	6.187500e-001	1.585263e+000	1.415129e-005
1.001000000000000e+001	1.000000e+000	1.285103e+000	2.571303e-005
1.001114375000000e+001	1.000000e+000	1.285074e+000	2.571909e-005
1.002836250000000e+001	1.000000e+000	1.285112e+000	2.571118e-005
1.004558125000000e+001	1.000000e+000	1.285141e+000	2.570515e-005
1.006280000000000e+001	1.000000e+000	1.285161e+000	2.570098e-005
1.008001875000000e+001	1.000000e+000	1.285172e+000	2.569869e-005
1.009723750000000e+001	1.000000e+000	1.285174e+000	2.569826e-005
1.011445625000000e+001	1.000000e+000	1.285167e+000	2.569971e-005
1.013167500000000e+001	1.000000e+000	1.285151e+000	2.570303e-005
1.101000000000000e+001	1.000000e+000	1.285151e+000	2.570303e-005
1.101100000000000e+001	9.000000e-001	1.341044e+000	2.204119e-005
1.101300000000000e+001	7.000000e-001	1.515346e+000	1.579192e-005
1.101600000000000e+001	4.000000e-001	1.698996e+000	7.474513e-006
1.102000000000000e+001	4.352074e-014	1.800027e+000	-1.749449e-009
1.102040000000000e+001	0.000000e+000	1.800077e+000	-4.993195e-009
1.102280000000000e+001	0.000000e+000	1.800000e+000	1.157244e-011
1.200000000000000e+001	0.000000e+000	1.800000e+000	1.299600e-011
1.200095312500000e+001	9.531250e-002	1.794147e+000	6.508103e-007
1.200285937500000e+001	2.859375e-001	1.753725e+000	3.976990e-006
1.200618750000000e+001	6.187500e-001	1.585263e+000	1.415129e-005
1.201000000000000e+001	1.000000e+000	1.285103e+000	2.571303e-005
1.201114375000000e+001	1.000000e+000	1.285074e+000	2.571909e-005
1.202836250000000e+001	1.000000e+000	1.285112e+000	2.571118e-005
1.204558125000000e+001	1.000000e+000	1.285141e+000	2.570515e-005
1.206280000000000e+001	1.000000e+000	1.285161e+000	2.570098e-005
1.208001875000000e+001	1.000000e+000	1.285172e+000	2.569869e-005
1.209723750000000e+001	1.000000e+000	1.285174e+000	2.569826e-005
1.211445625000000e+001	1.000000e+000	1.285167e+000	2.569971e-005
1.213167500000000e+001	1.000000e+000	1.285151e+000	2.570303e-005
1.301000000000000e+001	1.000000e+000	1.285151e+000	2.570303e-005
1.301100000000000e+001	9.000000e-001	1.341044e+000	2.204119e-005
1.301300000000000e+001	7.000000e-001	1.515346e+000	1.579192e-005
1.301600000000000e+001	4.000000e-001	1.698996e+000	7.474513e-006
1.302000000000000e+001	4.352074e-014	1.800027e+000	-1.749449e-009
1.302040000000000e+001	0.000000e+000	1.800077e+000	-4.993195e-009
1.302280000000000e+001	0.000000e+000	1.800000e+000	1.157244e-011
1.400000000000000e+001	0.000000e+000	1.800000e+000	1.299600e-011
1.400095312500000e+001	9.531250e-002	1.794147e+000	6.508103e-007
1.400285937500000e+001	2.859375e-001	1.753725e+000	3.976990e-006
1.400618750000000e+001	6.187500e-001	1.585263e+000	1.415129e-005
1.401000000000000e+001	1.000000e+000	1.285103e+000	2.571303e-005
1.401114375000000e+001	1.000000e+000	1.285074e+000	2.571909e-005
1.402836250000000e+001	1.000000e+000	1.285112e+000	2.571118e-005
1.404558125000000e+001	1.000000e+000	1.285141e+000	2.570515e-005
1.406280000000000e+001	1.000000e+000	1.285161e+000	2.570098e-005
1.408001875000000e+001	1.000000e+000	1.285172e+000	2.569869e-005
1.409723750000000e+001	1.000000e+000	1.285174e+000	2.569826e-005
1.411445625000000e+001	1.000000e+000	1.285167e+000	2.569971e-005
1.413167500000000e+001	1.000000e+000	1.285151e+000	2.570303e-005
1.501000000000000e+001	1.000000e+000	1.285151e+000	2.570303e-005
1.501100000000000e+001	9.000000e-001	1.341044e+000	2.204119e-005
1.501300000000000e+001	7.000000e-001	1.515346e+000	1.579192e-005
1.501600000000000e+001	4.000000e-001	1.698996e+000	7.474513e-006
1.502000000000000e+001	4.352074e-014	1.800027e+000	-1.749449e-009
1.502040000000000e+001	0.000000e+000	1.800077e+000	-4.993195e-009
1.502280000000000e+001	0.000000e+000	1.800000e+000	1.157244e-011
1.600000000000000e+001	0.000000e+000	1.800000e+000	1.299600e-011
1.600095312500000e+001	9.531250e-002	1.794147e+000	6.508103e-007
1.600285937500000e+001	2.859375e-001	1.753725e+000	3.976990e-006
1.600618750000000e+001	6.187500e-001	1.585263e+000	1.415129e-005
1.601000000000000e+001	1.000000e+000	1.285103e+000	2.571303e-005
1.601114375000000e+001	1.000000e+000	1.285074e+000	2.571909e-005
1.602836250000000e+001	1.000000e+000	1.285112e+000	2.571118e-005
1.604558125000000e+001	1.000000e+000	1.285141e+000	2.570515e-005
1.606280000000000e+001	1.000000e+000	1.285161e+000	2.570098e-005
1.608001874999999e+001	1.000000e+000	1.285172e+000	2.569869e-005
1.609723749999999e+001	1.000000e+000	1.285174e+000	2.569826e-005
1.611445624999999e+001	1.000000e+000	1.285167e+000	2.569971e-005
1.613167499999998e+001	1.000000e+000	1.285151e+000	2.570303e-005
1.644417499999998e+001	1.000000e+000	1.285151e+000	2.570303e-005
1.701000000000000e+001	1.000000e+000	1.285151e+000	2.570303e-005
1.701100000000000e+001	9.000000e-001	1.341044e+000	2.204119e-005
1.701300000000000e+001	7.000000e-001	1.515346e+000	1.579192e-005
1.701600000000001e+001	4.000000e-001	1.698996e+000	7.474513e-006
1.702000000000000e+001	4.352074e-014	1.800027e+000	-1.749449e-009
1.702040000000000e+001	0.000000e+000	1.800077e+000	-4.993195e-009
1.702280000000000e+001	0.000000e+000	1.800000e+000	1.157244e-011
1.800000000000000e+001	0.000000e+000	1.800000e+000	1.299600e-011
1.800095312500000e+001	9.531250e-002	1.794147e+000	6.508103e-007
1.800285937500000e+001	2.859375e-001	1.753725e+000	3.976990e-006
1.800618750000000e+001	6.187500e-001	1.585263e+000	1.415129e-005
1.801000000000000e+001	1.000000e+000	1.285103e+000	2.571303e-005
1.801114375000000e+001	1.000000e+000	1.285074e+000	2.571909e-005
1.802836250000000e+001	1.000000e+000	1.285112e+000	2.571118e-005
1.804558125000000e+001	1.000000e+000	1.285141e+000	2.570515e-005
1.806280000000000e+001	1.000000e+000	1.285161e+000	2.570098e-005
1.808001875000000e+001	1.000000e+000	1.285172e+000	2.569869e-005
1.809723750000000e+001	1.000000e+000	1.285174e+000	2.569826e-005
1.811445625000000e+001	1.000000e+000	1.285167e+000	2.569971e-005
1.813167499999999e+001	1.000000e+000	1.285151e+000	2.570303e-005
1.901000000000000e+001	1.000000e+000	1.285151e+000	2.570303e-005
1.901100000000000e+001	9.000000e-001	1.341044e+000	2.204119e-005
1.901300000000000e+001	7.000000e-001	1.515346e+000	1.579192e-005
1.901600000000001e+001	4.000000e-001	1.698996e+000	7.474513e-006
1.902000000000000e+001	4.352074e-014	1.800027e+000	-1.749449e-009
1.902040000000000e+001	0.000000e+000	1.800077e+000	-4.993195e-009
1.902280000000000e+001	0.000000e+000	1.800000e+000	1.157244e-011
1.999046875000000e+001	0.000000e+000	1.800000e+000	1.299600e-011
2.000000000000000e+001	0.000000e+000	1.800000e+000	1.299600e-011
